Newchrom,Chrom,Newpos,Cumpos,Midpts
1.0,1,2264002,0,1132001.0
2.0,2,1619187,2264002,3073595.5
3.1,11,1933908,3883189,4850143.0
4.0,4,1059391,5817097,6346792.5
5.0,5,1793420,6876488,7773198.0
6.0,6,1417305,8669908,9378560.5
7.0,7,1374738,10087213,10774582.0
8.0,8,1387111,11461951,12155506.5
9.0,9,1155758,12849062,13426941.0
10.0,10,1051064,14004820,14530352.0
11.1,11,1041569,15055884,15576668.5
12.0,12,757671,16097453,16476288.5
13.0,13,740195,16855124,17225221.5
14.0,14,926840,17595319,18058739.0
